28.91
28.23
6.75
0.33
6.53
17.00
3.83
5.88
10.41
11.39
1.25
2.00
9.38
1.12
0.67
3.33
25.67
1.00
1.31
6.00
3.60
4.83
1.31
18.83
39.00
73.43
17.64
6.27
10.80
1.12
6.33
5.70
1.17
16.67
43.20
20.25
9.00
3.64
3.20
9.67
1.88
2.93
55.70
2.43
4.57
3.64
11.30
10.44
3.71
1.67
2.14
15.77
4.62
14.80
14.07
61.80
137.40
8.92
12.50
7.44
5.83
3.71
2.88
2.44
0.67
0.67
20.23
73.50
1.00
11.00
215.12
9.08
4.00
1.60
5.28
4.67
21.50
1.33
2.62
4.22
4.78
3.67
50.14
2.50
3.12
30.38
3.20
0.56
2.43
0.36
3.27
1.40
2.40
1.73
1.83
14.19
0.00
3.50
3.00
5.91
5.00
10.90
6.40
5.00
2.67
8.80
8.64
4.11
2.42
4.17
11.50
10.24
0.50
7.33
1.36
10.50
0.88
11.86
8.00
2.43
1.00
1.44
66.50
1.14
9.64
4.25
3.57
7.41
15.00
5.33
21.20
12.00
26.64
24.62
3.33
16.12
9.44
4.00
10.90
1.75
2.33
4.00
10.36
1.46
3.00
23.00
7.07
4.50
1.25
7.39
12.83
4.48
17.33
1.67
1.00
3.72
7.60
2.17
2.93
73.14
0.86
28.00
38.60
5.86
18.00
6.00
0.50
7.92
32.57
3.20
2.00
11.20
1.00
1.33
23.94
3.73
1.33
3.00
0.50
7.57
18.64
5.80
1.92
10.00
1.00
109.27
10.47
9.43
8.50
8.09
169.27
3.40
7.44
10.29
2.90
5.10
1.33
10.71
2.56
6.19
14.60
14.80
72.25
0.50
2.27
3.21
2.47
0.62
37.62
2.71
2.90
3.38
5.20
4.93
4.07
9.33
0.75
6.20
2.23
14.50
2.21
5.47
1.00
0.00
15.50
3.27
0.00
7.62
1.25
11.00
2.12
12.50
2.32
10.44
8.50
1.40
3.77
1.09
0.00
4.00
1.17
25.90
1.60
4.00
62.62
6.12
13.62
1.40
0.50
0.67
16.73
16.38
1.71
1.20
3.00
63.57
5.07
1.85
3.08
4.70
4.92
2.33
2.35
1.17
2.22
2.11
6.50
25.50
6.62
0.00
1.50
31.20
3.56
5.15
9.07
11.43
24.36
2.45
1.40
0.43
7.00
4.59
1.00
1.33
17.67
12.80
11.93
14.20
1.75
0.94
1.20
7.17
1.44
1.50
4.76
2.67
1.00
0.33
6.90
9.38
3.00
3.52
9.14
12.38
29.33
3.91
14.92
1.00
1.45
9.88
0.50
8.27
13.29
9.50
2.00
5.71
0.50
12.50
0.00
15.00
0.25
8.00
4.87
5.67
11.70
14.75
9.64
5.62
13.26
2.00
4.00
15.00
3.00
20.82
2.20
2.00
18.00
1.00
12.75
11.89
17.00
5.75
9.83
2.50
1.62
46.50
19.58
4.50
1.86
9.00
1.57
28.90
6.67
1.64
12.20
28.64
2.50
14.40
6.91
2.33
8.60
1.92
3.55
4.56
7.97
8.60
3.43
1.71
10.17
5.29
11.57
1.25
7.00
1.00
3.86
13.33
1.67
2.27
6.42
1.38
8.20
3.00
3.67
0.75
1.25
2.33
2.11
1.00
1.83
6.58
2.18
7.00
18.86
5.60
243.56
2.50
1.17
1.33
5.93
3.92
3.64
25.00
1.33
19.23
7.62
70.88
18.76
2.62
8.53
10.00
12.85
34.23
1.67
21.83
5.09
16.56
5.50
1.40
1.33
1.00
32.65
3.60
9.50
3.33
4.20
19.08
1.20
3.33
30.20
1.12
6.58
5.91
2.33
1.43
3.00
1.50
10.09
23.70
0.62
8.20
1.00
2.92
5.44
3.38
2.45
4.00
5.07
6.27
1.67
1.60
3.88
1.78
1.80
1.00
24.17
2.29
27.07
6.47
1.18
13.00
7.82
5.36
7.54
26.12
7.10
8.44
3.81
2.33
5.82
1.00
9.91
6.22
33.67
55.50
0.67
30.36
19.17
1.43
1.00
1.00
23.67
6.71
16.40
1.30
2.12
19.47
5.56
0.33
0.33
6.64
6.60
1.50
5.64
3.20
4.50
2.75
7.00
8.40
6.50
5.89
1.10
5.90
1.22
2.00
0.75
12.06
4.58
1.69
5.40
17.86
6.64
2.55
2.59
13.11
21.08
7.25
2.83
4.19
2.69
5.11
4.40
7.00
2.73
9.70
22.25
13.22
5.77
9.44
1.50
1.43
4.25
9.25
0.75
9.45
16.00
11.00
2.50
14.40
2.78
3.27
5.22
6.56
1.00
11.58
1.57
26.11
1.88
5.59
7.00
10.50
2.75
1.43
14.87
1.75
7.29
7.62
10.47
2.62
2.40
14.92
4.20
14.73
20.00
4.67
4.00
2.88
0.25
4.43
7.75
4.25
14.42
46.73
43.69
15.88
21.91
8.85
7.12
3.12
1.60
4.67
19.25
33.25
8.57
28.92
3.75
11.57
4.21
14.73
4.04
3.38
2.42
9.80
1.40
0.25
52.21
4.12
4.54
21.00
0.00
1.08
6.70
0.25
0.67
0.80
1.78
11.00
4.75
3.00
5.00
0.67
0.80
7.83
3.81
27.75
2.64
57.17
1.00
1.80
22.83
4.22
8.33
1.12
10.00
1.00
2.62
0.33
1.50
1.27
2.62
24.25
1.25
3.67
4.12
2.29
6.78
23.30
4.33
0.33
3.50
1.71
2.43
5.00
12.80
3.67
5.60
1.55
1.30
8.80
19.33
6.17
0.00
15.08
1.20
2.33
2.12
18.39
1.00
16.67
4.21
0.67
5.31
9.93
1.11
30.86
1.25
2.11
1.08
1.14
47.62
10.50
1.46
16.25
0.00
26.58
6.75
21.75
24.00
4.29
62.14
23.21
8.25
6.00
36.19
11.00
2.38
19.50
4.27
5.50
17.57
9.25
9.25
8.28
13.86
14.28
2.50
20.86
9.00
14.00
7.43
3.50
11.73
7.68
4.24
13.67
8.33
6.83
20.39
4.33
4.60
3.62
3.83
5.00
5.44
5.50
6.00
6.33
4.56
3.89
10.83
11.56
10.00
8.78
5.29
4.50
14.00
9.11
4.75
4.92
7.50
12.43
11.25
3.18
19.86
5.00
3.00
8.39
9.94
19.22
15.14
9.35
4.89
6.41
3.56
11.89
4.90
5.78
40.67
11.14
16.29
5.17
3.62
5.38
34.56
8.75
16.33
4.78
33.90
7.53
5.73
30.14
3.64
12.50
5.86
4.82
4.33
3.73
3.00
25.88
6.45
2.25
3.67
11.11
9.85
9.15
4.67
7.47
8.36
11.56
3.60
3.70
4.43
32.33
11.00
7.67
6.75
6.83
7.11
17.44
3.00
3.56
33.50
8.84
9.00
4.86
5.33
5.85
30.27
4.18
8.29
14.08
7.00
7.00
9.60
5.33
5.56
11.54
3.50
14.00
9.61
4.20
4.71
10.00
2.83
12.06
4.71
9.50
41.25
6.92
9.20
1.63
1.50
24.17
1.50
2.47
5.80
9.69
10.89
1.20
1.00
2.55
7.86
21.61
21.18
4.56
7.57
70.33
1.46
19.00
3.25
2.30
5.36
3.55
32.00
0.86
1.54
3.17
4.53
3.17
4.10
3.11
3.67
19.07
2.50
1.00
3.14
5.50
49.80
4.58
3.00
27.07
1.77
2.08
5.70
5.86
8.25
1.62
6.73
5.11
2.46
3.83
10.50
2.60
10.67
11.50
7.00
13.86
1.00
2.18
5.17
3.30
32.17
3.50
0.67
0.75
1.00
3.92
1.00
2.43
5.25
1.00
51.11
1.00
25.25
3.00
53.88
4.00
9.38
3.43
2.91
1.50
58.06
187.67
10.29
31.86
0.50
59.00
4.41
3.30
8.19
1.17
13.00
9.33
2.29
6.18
3.43
0.25
3.11
1.00
0.71
1.00
8.36
44.75
2.07
6.33
3.71
2.26
2.73
3.25
0.83
28.08
4.40
2.70
7.15
9.00
4.80
9.00
12.65
2.47
7.70
7.55
5.80
37.79
5.00
4.85
16.00
4.33
10.67
3.67
2.60
1.33
5.00
6.00
3.33
6.14
2.83
3.90
3.83
4.40
7.79
20.69
1.20
1.09
1.43
0.75
3.75
2.50
20.33
3.80
2.88
1.25
3.20
2.11
6.58
11.14
8.00
14.38
0.88
4.57
197.50
63.09
6.12
1.00
7.38
3.20
11.69
2.17
9.92
1.56
24.83
4.33
13.20
2.40
42.75
1.38
9.00
1.29
2.67
5.57
8.50
19.78
14.60
1.00
1.86
4.80
1.86
0.00
5.80
15.29
4.25
56.00
22.47
21.44
4.92
3.56
0.00
10.92
201.00
3.73
2.00
1.80
8.06
3.29
1.67
14.50
2.80
1.67
27.71
2.33
4.44
39.44
20.57
3.29
11.82
11.83
2.00
1.33
18.00
3.12
1.20
5.22
2.00
53.00
4.89
11.67
4.14
3.73
5.73
24.80
37.00
6.50
1.29
1.50
78.67
3.71
3.08
4.38
3.50
3.50
1.00
8.71
13.25
7.86
1.50
9.62
4.50
5.71
3.75
3.57
14.75
80.36
102.86
8.92
13.33
8.60
3.29
3.10
2.00
17.93
2.50
36.00
2.00
6.33
21.30
4.00
4.36
8.30
6.42
3.67
1.75
5.10
20.20
2.60
2.57
1.71
0.00
1.75
4.29
8.25
8.60
3.75
5.30
6.28
8.67
6.56
5.40
9.67
1.40
3.00
9.50
89.00
1.00
6.94
4.00
1.64
2.60
1.80
8.29
1.00
2.89
23.06
4.18
12.14
7.12
6.88
5.00
1.50
35.33
1.25
2.30
1.25
0.67
3.88
3.17
46.89
1.43
1.38
1.50
14.77
2.18
17.75
4.47
14.27
2.42
2.22
7.21
7.67
5.75
3.33
5.25
5.77
1.62
3.00
5.59
2.88
27.00
2.27
33.46
8.50
4.27
3.58
3.33
2.00
8.25
9.16
3.20
10.20
14.25
3.00
0.50
7.71
9.88
3.44
1.33
2.87
2.20
44.40
1.33
3.86
25.67
12.33
31.86
3.00
14.07
4.75
20.65
1.00
0.50
16.06
8.40
3.94
6.12
1.71
3.94
25.35
17.44
3.92
4.73
1.40
7.50
29.33
122.61
103.83
1.12
1.50
1.25
5.00
7.25
2.31
10.31
1.60
1.33
1.29
4.64
9.80
12.69
3.40
12.79
5.33
4.86
10.85
4.11
8.40
3.57
9.60
2.92
1.33
1.75
3.80
7.40
5.06
3.47
6.12
29.11
1.75
3.55
1.38
4.40
1.60
1.50
20.00
56.29
2.15
27.71
3.14
2.25
2.43
3.14
2.71
1.40
1.30
3.24
3.50
28.23
7.78
14.27
5.50
1.33
26.75
4.36
42.64
2.15
16.12
19.00
6.78
3.57
31.80
2.25
2.58
1.58
1.75
3.89
1.67
30.80
4.83
76.33
1.25
1.00
1.38
8.22
5.42
27.24
1.25
9.46
6.75
3.37
1.50
10.38
3.67
5.00
10.70
4.11
112.83
3.55
4.82
30.80
52.77
1.57
7.09
6.79
330.87
1.80
2.38
1.33
8.17
2.17
3.59
18.32
11.11
3.62
5.94
13.25
51.64
13.85
6.80
18.58
3.31
1.64
33.09
19.60
6.61
5.62
6.00
12.09
1.50
15.20
4.81
10.35
6.75
14.00
20.70
5.00
7.55
26.33
1.50
28.20
14.44
9.20
2.00
6.25
9.00
1.50
3.00
7.12
15.78
6.00
1.38
1.90
1.70
1.50
86.50
2.73
6.50
9.70
3.83
2.00
10.17
29.89
35.74
1.14
2.82
1.62
1.82
2.38
12.73
10.50
11.25
4.50
3.00
8.75
4.25
3.76
5.00
2.67
8.20
1.00
5.50
5.00
15.17
1.00
5.80
3.83
3.09
1.00
1.50
5.50
4.00
2.70
4.88
1.00
1.75
1.71
1.67
3.44
4.33
1.33
5.24
286.25
24.86
1.71
2.33
4.62
12.78
10.78
4.29
4.00
6.50
9.79
4.79
3.40
1.00
5.75
1.36
7.12
7.09
2.00
2.55
5.67
5.71
1.84
6.20
1.40
23.43
15.50
5.43
2.00
25.70
1.50
0.67
2.20
3.80
5.33
28.17
1.88
3.00
1.87
1.43
1.57
2.11
4.06
259.69
1.56
10.40
7.56
20.80
8.70
3.70
1.25
1.12
12.33
1.22
1.43
0.50
3.18
7.85
1.33
2.21
6.06
3.33
3.89
2.25
9.27
4.81
5.67
4.00
15.32
1.57
2.62
3.00
7.57
10.91
11.94
5.67
59.00
4.11
4.45
3.14
4.60
1.14
8.29
5.25
8.16
60.82
18.00
3.59
1.43
2.65
14.35
11.11
1.00
34.67
1.33
1.00
3.45
13.00
4.78
112.17
6.00
19.33
2.67
7.50
16.17
15.50
3.13
1.90
2.00
2.00
13.36
1.50
4.33
1.43
1.38
2.07
1.75
1.67
1.33
54.75
7.67
22.86
7.43
15.30
7.25
4.00
1.00
4.75
8.54
1.33
159.77
4.40
6.12
10.00
7.06
4.18
4.40
4.64
3.23
5.62
2.00
3.44
10.62
8.60
1.20
27.33
1.00
9.31
1.09
2.00
2.50
2.00
2.46
1.40
1.00
31.20
2.22
2.25
10.10
2.58
1.78
5.00
6.00
1.33
2.67
4.50
7.62
1.89
9.50
6.07
1.67
10.67
22.73
12.00
3.38
4.47
4.72
1.25
1.80
1.50
80.11
1.89
24.83
23.44
40.47
6.67
1.00
3.50
6.33
6.83
13.46
4.89
8.62
1.55
13.00
27.44
7.00
4.41
9.92
12.18
1.86
4.47
81.43
67.67
4.25
16.10
16.50
0.67
25.00
1.67
3.33
5.46
6.39
1.33
44.47
1.50
1.25
4.25
3.90
5.00
4.00
6.60
1.33
98.00
1.33
3.00
23.15
1.40
6.38
11.33
3.75
5.50
2.60
2.54
33.57
17.76
4.00
2.75
14.18
1.25
5.12
13.40
12.92
5.00
26.86
4.59
2.79
3.35
3.12
2.33
5.44
1.50
2.67
6.00
1.17
2.50
10.88
12.23
15.17
5.74
9.14
1.33
4.00
7.09
10.94
2.00
6.08
3.57
3.17
20.08
4.00
2.33
8.80
2.38
1.00
10.00
4.57
19.06
9.57
2.67
16.75
27.67
10.57
37.86
42.60
11.10
5.57
51.75
2.00
9.67
25.20
350.65
20.89
3.17
7.71
4.00
4.00
2.00
176.25
1.00
4.00
11.86
2.43
7.83
6.50
10.12
1.33
4.14
6.73
8.38
2.20
1.67
14.50
2.30
14.50
2.00
5.08
3.29
9.67
9.71
7.50
1.69
14.29
4.40
2.86
1.60
3.32
5.92
7.63
16.92
6.83
43.44
325.81
1.40
3.67
1.67
1.83
3.77
12.22
3.00
4.08
14.22
34.69
2.50
8.70
7.00
2.73
9.00
12.96
2.00
9.92
12.69
1.92
11.56
152.90
4.00
4.75
6.50
1.86
1.43
57.75
67.00
1.00
2.94
1.80
41.88
105.36
14.92
4.73
1.90
14.06
4.59
2.00
2.38
5.33
15.00
7.38
10.87
4.38
8.19
21.50
12.72
25.93
1.53
0.71
7.65
1.00
9.20
3.25
1.00
1.75
18.73
14.33
2.09
9.50
2.50
5.15
131.83
1.00
8.72
5.19
9.50
21.90
4.08
1.56
3.38
6.42
41.67
1.43
3.67
36.82
7.33
1.69
345.18
3.41
7.45
3.33
4.33
6.89
54.10
5.17
3.79
3.64
2.77
6.33
5.70
9.60
8.93
3.50
11.07
1.67
34.92
3.83
5.53
5.33
9.92
1.50
4.08
2.78
1.50
16.71
8.33
9.50
1.50
10.71
2.00
4.44
11.17
4.20
11.14
2.50
1.80
2.50
37.38
4.00
1.20
3.58
7.00
14.29
8.55
5.93
4.78
6.00
18.33
5.23
1.44
71.00
3.75
15.44
1.80
7.00
2.00
3.69
7.40
6.00
10.75
7.36
4.20
1.12
3.44
3.50
3.94
2.36
10.15
7.38
2.92
3.36
8.46
4.00
2.00
7.20
4.55
107.61
3.53
3.83
1.83
64.73
3.18
3.00
9.62
1.67
4.82
4.57
1.70
9.18
2.50
3.30
1.33
6.00
2.17
8.75
1.92
10.75
9.22
4.64
9.50
3.44
1.25
1.60
4.85
1.67
548.39
4.71
14.17
3.67
1.92
1.50
1.87
3.80
13.00
6.12
1.67
9.06
1.88
54.00
10.50
4.50
15.20
3.89
3.80
24.19
7.75
2.00
1.50
5.10
2.27
6.55
1.50
5.00
6.50
1.57
10.92
3.88
44.35
1.30
12.54
11.31
2.21
7.36
1.33
7.88
3.20
10.62
2.17
2.08
1.25
7.25
2.43
2.00
5.50
1.91
5.50
2.67
9.60
2.33
7.14
21.44
6.18
1.80
7.36
45.27
1.77
6.67
2.33
84.33
1.80
1.33
7.75
15.29
4.23
0.80
3.50
1.55
2.42
14.29
7.69
14.92
4.36
6.55
1.12
1.00
1.25
3.58
7.62
46.29
12.86
2.62
1.25
1.58
1.00
11.45
1.50
4.00
1.50
1.33
2.87
3.36
1.67
6.64
13.00
2.25
8.35
1.50
8.89
4.00
22.71
8.94
3.91
6.11
1.14
4.89
1.88
3.82
2.52
34.75
3.27
7.00
2.00
2.07
11.40
2.14
13.75
3.56
9.11
4.11
20.67
6.20
3.50
1.33
1.00
7.25
5.15
4.10
1.90
19.33
2.80
6.07
23.38
60.36
2.14
1.75
3.78
16.33
4.21
5.00
8.62
1.00
3.00
2.00
23.43
1.12
2.73
5.90
3.00
1.57
4.92
1.80
1.67
7.10
3.00
4.33
13.57
9.00
2.76
1.83
5.82
1.84
13.00
8.40
1.67
5.00
13.33
11.50
167.67
21.50
1.17
12.86
15.39
3.80
17.71
1.92
4.80
5.40
9.50
1.25
2.50
3.20
3.44
10.17
3.14
5.53
2.33
28.33
25.00
26.11
1.44
1.80
2.00
7.56
15.45
5.10
1.00
2.50
1.00
5.33
15.25
3.50
13.83
1.91
2.29
81.70
26.70
2.92
3.36
1.92
0.50
2.00
1.56
13.69
4.47
5.67
3.25
17.46
1.50
1.00
8.73
1.20
19.31
3.64
1.29
2.75
9.54
5.33
1.33
2.91
28.91
0.00
10.33
1.78
3.00
2.00
6.80
6.11
10.40
3.71
70.50
1.38
1.50
5.40
4.14
16.76
18.93
21.91
5.62
5.14
159.86
3.20
11.50
4.33
13.83
8.14
2.54
5.18
3.73
9.38
4.20
4.31
2.60
2.71
6.50
81.05
14.62
1.50
3.77
1.20
7.25
1.00
9.80
4.20
4.70
2.00
4.20
6.00
1.25
2.45
1.00
18.20
3.20
3.40
8.88
8.00
19.92
9.18
10.50
8.86
3.33
6.14
2.30
1.67
6.43
3.29
4.80
7.31
30.78
6.38
1.00
0.67
11.91
13.43
8.25
3.17
7.08
0.50
2.75
1.50
9.12
3.83
15.00
4.14
1.21
8.00
2.77
1.56
1.25
7.50
16.40
1.67
1.33
2.67
8.43
7.38
2.42
27.38
9.00
14.62
1.22
3.14
1.29
12.27
4.09
47.73
23.76
7.00
7.67
20.44
6.67
36.17
1.50
27.40
4.50
4.62
12.10
5.25
6.58
10.70
1.67
4.47
4.80
1.50
3.14
1.00
11.12
29.50
13.59
6.46
3.17
2.56
10.67
1.33
1.39
20.83
3.75
1.62
1.90
11.17
4.55
16.80
14.80
16.80
181.50
3.75
2.88
288.22
13.53
3.20
5.57
0.00
27.86
2.88
1.64
71.86
19.75
7.50
17.00
9.94
0.50
9.43
1.80
4.69
4.67
1.75
2.11
22.00
9.38
2.00
0.75
3.45
26.55
2.38
3.71
5.50
3.47
19.27
4.75
4.75
3.57
15.11
9.50
9.31
1.57
1.89
1.33
2.83
8.33
3.37
1.33
1.25
11.11
34.27
3.00
5.56
5.28
2.75
4.50
3.33
4.18
0.67
2.38
1.00
1.17
40.44
1.55
10.94
11.29
31.75
8.60
2.10
1.00
2.50
7.29
3.12
2.22
3.67
1.00
15.00
17.76
9.33
3.00
16.00
13.36
1.20
14.33
8.50
6.71
21.67
3.90
1.33
3.44
1.50
12.25
6.33
8.88
10.62
79.91
5.00
6.83
6.31
5.43
1.00
26.86
1.50
4.53
14.50
18.50
62.17
14.06
4.93
21.89
531.33
8.10
5.07
5.80
6.00
5.83
17.33
4.67
14.42
10.00
5.73
12.11
5.88
8.40
6.50
31.31
7.00
8.07
7.68
15.86
3.33
3.83
6.11
3.09
13.08
5.09
5.67
13.20
6.83
8.27
5.67
15.54
7.80
4.11
5.10
4.15
16.83
35.00
6.09
7.00
7.89
10.00
7.92
6.00
3.15
33.43
9.14
6.00
13.27
3.82
4.57
4.50
63.60
9.00
9.67
8.00
121.10
4.73
4.50
9.58
6.93
15.80
18.85
44.00
16.80
21.31
5.62
10.30
5.12
11.00
16.06
11.29
5.86
4.00
10.93
4.92
8.59
10.00
15.57
7.56
7.22
10.25
4.29
24.81
15.60
11.82
17.33
6.83
9.16
7.31
4.47
12.33
8.89
7.22
5.77
9.07
9.50
6.83
3.73
10.30
4.42
7.33
4.71
15.33
10.92
6.76
15.40
4.55
7.37
10.37
13.62
3.90
14.71
6.58
5.56
5.75
6.00
4.79
23.27
26.50
2.68
3.42
5.50
26.27
6.75
4.12
4.64
7.00
11.94
12.38
3.60
5.33
5.00
8.71
8.90
8.25
10.40
4.67
4.13
11.14
18.00
4.44
3.44
9.64
3.80
22.75
31.64
6.56
16.87
6.71
9.33
4.40
7.89
7.06
15.53
15.19
7.50
8.20
9.00
7.57
5.08
38.44
5.73
9.00
7.60
18.58
9.25
6.67
7.57
4.75
9.57
5.05
11.83
6.67
5.86
6.33
3.53
7.80
9.50
5.91
8.91
7.57
12.67
4.90
17.25
4.43
9.17
11.36
27.69
5.48
18.73
5.80
4.67
9.86
6.11
14.80
9.22
15.80
5.33
6.27
6.58
6.67
5.08
5.11
15.74
22.31
9.00
5.89
28.14
6.79
21.62
6.50
6.00
8.62
7.60
17.25
6.00
9.40
7.86
4.43
4.86
5.55
6.44
11.64
7.79
21.50
12.27
10.40
8.00
17.20
6.00
4.70
25.54
8.09
4.57
21.67
8.94
12.00
4.80
9.27
3.91
3.65
6.85
3.56
27.86
24.56
7.17
80.86
33.73
20.05
5.00
4.82
8.17
11.86
4.80
7.28
18.25
12.62
6.20
10.44
88.12
22.00
9.40
12.80
8.64
17.64
3.50
8.17
20.14
4.45
5.29
7.75
4.67
12.78
27.65
4.83
5.67
10.31
5.62
30.67
4.57
24.57
8.00
4.15
5.17
33.50
4.00
5.75
4.92
1.86
5.27
5.58
1.22
6.43
27.86
3.33
14.44
9.28
1.83
14.50
6.22
9.50
13.00
1.57
23.07
3.80
4.83
3.75
7.91
12.78
1.60
6.33
4.86
1.20
5.94
5.21
5.88
16.00
4.40
7.00
1.45
10.89
17.89
9.22
3.40
2.50
10.30
5.10
26.00
5.30
1.80
2.25
24.20
1.65
1.54
1.25
10.40
1.67
1.71
5.00
7.25
1.61
45.00
4.30
18.25
3.86
33.75
22.50
5.50
6.09
7.14
2.40
1.83
16.69
2.00
11.37
1.00
48.75
3.12
2.88
32.78
4.45
8.67
16.29
3.40
3.17
3.08
4.60
6.43
29.88
5.44
2.62
3.40
3.50
2.00
9.90
6.38
4.11
8.00
4.33
8.00
1.50
4.75
2.78
5.33
1.00
3.31
2.45
2.25
6.43
7.12
12.17
8.22
14.00
1.33
2.71
7.86
6.94
5.00
9.67
7.27
4.50
374.84
2.33
11.25
258.56
6.90
1.89
3.56
0.67
8.40
16.50
1.75
13.36
2.89
16.78
1.91
1.62
15.38
9.67
2.35
25.20
3.55
22.73
2.79
4.47
1.67
4.55
2.12
8.75
4.69
1.57
2.67
28.05
158.40
40.48
73.91
2.22
4.86
3.17
6.00
7.53
1.70
1.62
9.27
1.00
1.56
1.86
3.46
1.17
4.07
1.71
1.40
1.44
22.29
5.67
2.56
4.25
12.60
2.25
1.00
1.75
42.83
2.43
17.00
6.00
25.30
6.29
1.20
2.11
16.20
2.85
15.44
17.80
20.87
6.79
31.86
13.43
53.00
17.75
11.33
3.00
25.17
29.94
10.58
5.25
16.92
1.38
1.45
14.50
4.00
6.00
100.25
12.33
2.40
1.46
4.00
11.10
5.50
5.64
6.06
1.00
9.20
23.44
1.78
4.33
1.45
6.62
1.00
3.27
3.00
1.50
2.50
1.46
1.29
8.50
3.20
2.83
3.92
3.25
6.50
9.00
14.62
1.57
5.50
5.75
10.80
3.71
5.83
16.00
1.00
7.33
296.24
3.60
4.20
3.77
2.00
5.69
2.53
10.25
3.56
4.40
5.67
51.48
6.25
10.42
5.50
4.91
5.20
16.29
5.86
37.94
9.12
4.94
3.82
4.33
34.56
26.36
5.00
5.93
3.22
25.40
31.50
4.81
8.69
6.14
134.25
9.14
4.75
4.10
2.17
2.14
3.09
13.83
5.40
14.73
9.71
7.19
4.50
0.75
534.62
13.50
10.79
6.95
4.78
2.00
7.26
9.69
10.69
5.00
2.50
3.00
3.00
2.54
4.09
132.59
25.18
5.94
6.40
9.64
19.81
13.57
1.83
21.00
1.00
9.33
6.20
12.22
0.00
1.60
2.00
10.08
1.15
1.12
4.05
34.64
0.50
2.62
15.18
2.38
11.70
11.82
13.70
3.53
2.75
1.33
2.06
2.00
7.50
2.00
22.69
3.67
3.11
22.15
1.17
5.88
4.71
174.08
3.36
0.50
0.67
1.00
9.78
1.00
15.50
3.25
1.50
4.38
5.75
26.50
5.67
10.35
1.43
6.00
1.30
9.28
5.89
4.59
7.44
1.86
6.00
10.50
3.82
9.75
1.00
12.75
4.00
1.75
2.46
45.38
5.00
33.05
6.82
4.11
8.69
6.94
1.43
8.53
8.86
5.20
9.83
3.59
4.33
3.29
1.67
39.60
36.77
7.19
1.00
3.50
1.40
8.00
1.00
5.31
5.67
88.70
1.00
16.00
76.00
1.00
4.89
15.71
6.75
1.44
19.00
12.45
6.79
1.20
1.43
1.67
2.57
1.40
2.14
4.33
0.67
8.60
1.00
5.46
11.86
1.00
1.00
9.58
293.18
64.60
7.64
5.00
2.00
2.08
1.64
4.67
1.50
32.14
2.00
9.47
43.20
2.33
2.85
6.14
2.50
5.60
2.11
1.80
2.12
2.12
63.67
2.25
2.00
35.33
1.67
6.00
2.14
1.83
1.00
9.45
37.25
2.20
33.14
3.17
17.00
15.09
0.50
18.14
2.50
4.90
1.33
18.50
97.38
18.50
28.00
3.18
2.75
10.20
12.93
5.33
4.33
1.50
9.33
6.30
3.88
20.71
8.86
6.18
2.23
2.29
6.00
2.43
5.67
0.33
16.71
52.46
19.00
2.73
5.38
2.86
10.55
3.08
3.67
4.11
2.14
2.60
2.73
3.14
7.25
7.40
2.29
4.50
7.17
5.08
15.00
2.50
55.78
4.50
2.29
1.50
3.20
12.54
1.30
27.00
3.92
19.00
57.00
9.00
6.19
14.71
6.07
2.50
3.85
2.75
9.83
14.28
18.14
2.00
23.88
4.00
5.00
3.86
9.43
14.06
10.24
3.00
6.65
11.50
5.60
3.40
18.00
14.20
7.33
-nan
4.29
5.80
3.59
2.25
9.00
2.00
2.00
2.00
1.50
5.50
9.27
2.54
1.00
2.90
10.44
2.00
1.50
11.73
4.95
3.50
2.10
7.00
26.08
6.73
17.71
13.94
1.00
2.77
5.38
4.00
2.93
27.82
3.71
3.60
4.17
5.86
4.20
9.00
1.75
6.00
61.90
3.62
4.47
11.40
3.60
2.75
1.75
3.20
3.25
4.25
14.22
2.25
13.00
7.30
2.70
1.60
5.62
2.46
27.18
3.12
2.00
2.00
3.33
2.00
6.20
4.86
5.69
4.89
10.33
3.47
7.15
18.00
9.75
5.00
1.33
2.00
5.33
3.18
2.46
4.89
2.36
5.67
2.94
6.86
1.70
1.80
58.36
2.80
2.11
4.00
10.12
7.90
34.00
2.38
16.14
6.08
28.25
28.27
22.00
13.11
10.10
7.27
2.12
11.29
4.55
15.64
31.70
1.67
22.25
9.00
15.11
4.82
2.00
1.00
85.17
3.29
4.08
1.67
2.00
4.43
1.71
11.12
5.29
2.93
50.28
2.00
2.00
3.50
9.69
9.50
3.86
1.80
6.32
2.00
3.08
4.85
1.50
33.93
2.00
3.25
9.00
4.25
4.00
1.67
9.33
5.67
2.00
2.00
1.80
9.00
1.00
10.50
5.17
8.60
2.33
8.44
6.90
35.40
11.43
1.50
13.75
3.88
5.33
47.67
1.33
4.25
4.50
9.36
4.24
2.00
1.86
103.29
3.00
2.50
3.50
17.09
2.00
33.90
2.33
1.75
4.00
8.71
2.47
2.50
1.25
2.58
1.75
3.00
2.35
6.18
7.57
6.20
6.64
1.83
2.25
6.38
2.00
7.10
2.67
1.50
7.39
1.33
4.50
6.88
1.67
2.20
10.47
16.44
5.42
2.00
2.00
2.00
3.38
12.38
3.41
2.20
12.86
7.64
7.75
6.67
3.00
8.33
1.40
4.45
1.20
9.79
320.50
4.50
11.29
4.23
7.60
3.00
13.44
3.80
9.38
10.38
5.89
1.75
5.41
5.06
538.44
39.25
3.00
27.22
2.30
7.50
9.00
3.00
14.00
37.22
2.55
2.71
10.52
7.88
2.00
3.29
5.47
3.73
2.20
1.33
1.67
9.55
1.50
2.83
2.00
15.50
34.29
3.40
16.90
13.86
48.40
2.54
8.75
2.12
3.33
4.67
2.17
2.00
33.60
28.30
2.00
1.75
16.83
3.40
2.82
19.89
4.09
3.40
1.94
3.23
4.00
17.89
2.69
1.80
1.88
2.60
2.00
12.22
2.00
3.27
14.80
6.43
8.80
10.50
4.30
1.67
4.58
4.70
4.75
4.94
1.50
1.80
9.00
4.40
37.40
3.85
5.30
1.50
2.00
2.11
16.11
2.33
4.00
8.12
29.89
7.33
2.50
16.40
2.50
1.00
30.67
5.91
2.83
4.00
2.20
4.33
1.67
1.00
3.25
17.33
6.80
5.06
1.78
1.50
6.00
1.50
11.29
2.46
4.75
1.50
19.88
1.88
3.30
12.15
1.89
1.70
1.50
5.00
18.92
1.40
6.40
3.25
20.64
1.71
3.75
9.25
7.50
4.17
21.12
1.67
11.00
1.92
3.08
26.38
8.86
14.00
3.10
1.50
9.20
13.00
11.86
2.23
18.71
2.22
11.33
2.36
83.00
1.83
13.00
38.50
5.67
11.14
28.00
7.20
8.62
1.00
3.75
3.46
8.50
4.86
6.62
9.20
4.17
15.44
46.08
81.00
2.11
1.33
2.00
7.20
3.60
1.86
2.45
12.73
6.71
13.38
4.78
2.12
4.07
827.69
6.52
3.80
7.86
5.65
32.88
7.60
3.58
8.29
14.17
6.25
5.00
11.00
4.44
2.94
1.50
27.88
6.80
3.22
2.12
13.08
4.50
6.64
3.94
4.29
11.93
11.41
1.40
9.00
2.67
201.36
11.08
12.44
3.40
1.33
8.14
7.25
6.75
26.30
3.50
1.33
1.88
4.36
2.76
4.69
2.50
548.67
59.20
2.40
5.43
7.00
7.36
10.00
5.75
45.73
3.77
3.33
6.30
1.92
5.30
3.00
2.45
2.00
1.75
1.60
1.50
39.25
2.91
2.33
33.55
1.74
5.25
3.92
5.18
4.14
2.00
4.17
4.12
2.33
12.27
8.00
27.33
11.75
4.20
10.60
35.80
1.67
15.43
2.62
3.73
9.10
21.17
21.17
25.25
1.80
4.11
5.13
1.59
9.78
20.50
4.62
2.25
1.67
6.50
3.00
7.26
10.60
5.75
6.75
1.67
4.17
15.69
6.09
9.73
4.54
15.36
17.70
2.56
4.57
14.43
5.69
2.00
2.00
1.90
29.00
2.67
6.33
8.12
4.43
4.19
6.86
2.22
1.90
2.67
7.21
5.11
2.82
5.42
2.77
4.00
1.50
25.75
10.47
5.67
6.80
1.67
1.50
7.20
10.73
2.62
18.25
2.00
3.75
11.55
6.50
5.43
5.00
2.12
6.25
6.80
2.25
2.45
1.71
5.25
2.00
3.67
11.56
4.86
5.91
7.44
209.00
10.56
31.00
7.90
2.00
5.67
15.33
7.20
26.50
7.83
1.93
2.67
5.25
11.75
30.17
1.75
1.88
31.80
4.09
10.18
10.89
11.50
1.75
2.38
5.47
5.38
1.60
36.35
18.71
11.90
5.54
6.00
4.22
3.18
2.50
28.40
6.00
1.67
2.00
4.22
51.09
2.83
9.22
4.12
9.93
12.50
3.29
1.67
11.00
2.05
2.00
2.31
2.43
74.33
8.76
2.33
2.25
2.00
6.40
2.30
4.35
15.38
1.86
2.88
23.06
6.37
1.80
3.50
20.88
1.86
5.78
21.13
6.75
10.11
31.31
8.29
1.83
5.50
1.50
1.50
3.33
22.00
5.22
5.40
10.22
2.00
7.38
7.17
11.94
2.00
34.88
3.55
16.62
1.50
1.50
7.87
14.00
6.14
4.25
2.00
25.45
5.33
4.80
10.50
2.00
2.50
58.33
1.80
2.20
2.93
8.91
9.92
5.62
1.80
25.27
14.44
6.43
2.00
1.00
8.29
13.73
11.86
8.00
7.43
7.78
4.33
54.57
1.80
27.25
2.71
16.75
31.50
6.07
2.29
12.75
3.00
7.67
5.25
1.67
3.83
2.00
1.67
4.40
10.75
1.80
6.67
3.50
1.50
9.00
4.75
7.50
3.17
10.00
2.00
3.00
2.17
2.00
19.55
1.67
15.53
3.44
3.09
16.31
4.25
2.60
6.82
3.25
48.33
3.05
9.42
8.80
7.82
13.62
2.20
45.67
15.30
30.50
3.50
9.00
1.25
2.00
19.90
1.00
1.75
20.33
2.00
2.00
1.00
2.00
10.00
2.82
9.20
20.22
4.61
1.00
1.75
3.00
12.27
1.50
40.29
10.43
7.72
9.20
1.43
12.76
19.18
5.78
8.12
1.00
1.75
3.75
6.80
6.54
173.10
4.85
1.40
2.00
5.33
3.43
13.00
2.08
2.00
2.80
62.85
49.00
3.00
25.00
1.67
5.82
5.29
2.86
5.20
3.87
6.60
4.86
8.75
1.83
2.00
19.27
16.67
18.40
1.33
48.62
3.70
14.20
6.30
2.33
2.00
4.50
2.00
1.67
2.75
2.33
9.00
1.86
1.90
1.54
6.29
5.93
1.50
5.00
46.62
3.79
2.38
2.14
19.50
2.00
6.25
3.61
26.36
2.22
2.00
0.00
1.50
38.33
1.33
5.75
2.40
6.17
3.20
17.64
10.29
1.60
13.78
8.50
2.75
1.50
7.29
2.88
5.40
4.50
6.60
2.00
2.57
8.75
2.50
3.47
2.00
12.00
4.75
12.00
11.60
2.14
7.58
1.78
12.17
8.25
2.33
3.88
1.67
4.56
4.77
2.00
2.60
2.00
21.41
3.00
2.25
7.33
31.45
14.50
1.67
8.20
1.73
8.86
1.20
19.23
7.67
2.22
12.08
5.92
8.83
2.19
9.08
1.00
12.06
19.17
3.70
10.83
11.25
27.50
16.62
16.93
14.00
19.81
5.00
4.75
61.62
7.89
5.00
4.14
5.50
3.73
4.00
4.75
6.00
7.90
61.46
3.67
6.86
42.94
9.64
69.61
5.87
11.44
5.22
4.41
11.63
4.00
6.00
53.64
6.75
9.71
4.54
34.57
5.58
8.36
7.24
9.00
9.00
15.40
8.90
4.71
4.86
9.45
4.07
60.33
6.64
5.69
9.14
6.50
31.39
10.38
15.33
11.00
11.64
4.53
17.32
5.62
5.86
5.44
17.47
6.14
8.06
4.93
5.64
4.50
16.62
9.50
4.33
8.85
9.44
38.00
6.79
4.38
6.91
25.80
5.36
8.00
9.52
21.38
4.57
4.08
5.17
8.90
14.00
8.00
4.80
11.40
18.12
4.00
18.20
29.18
5.14
5.00
16.30
20.14
3.93
5.43
29.06
22.83
48.55
39.79
6.50
5.78
16.47
6.75
11.76
6.21
11.64
6.29
613.10
420.70
19.45
5.55
14.20
7.80
7.75
14.00
7.80
4.55
13.47
4.89
14.00
17.22
6.00
4.55
5.55
15.45
2789.18
6.25
7.80
31.07
8.00
6.00
11.00
8.33
13.67
12.60
4.67
7.73
16.21
13.38
3.58
59.78
8.50
14.17
17.00
10.70
9.44
16.79
7.80
16.50
5.67
3.43
24.46
9.71
8.17
8.36
8.09
4.78
91.56
463.89
22.29
6.83
7.53
4.89
10.93
21.33
31.50
6.60
26.00
3.70
5.50
3.93
20.12
3.57
13.06
7.25
21.69
5.50
19.67
7.94
10.72
7.56
12.44
6.00
6.40
7.09
7.38
12.50
5.44
28.93
8.33
4.92
56.67
7.00
7.00
3.10
6.90
6.50
6.78
5.50
16.13
4.29
2.50
8.00
6.00
4.00
2.29
1.67
2.71
14.67
58.29
23.78
3.88
12.75
16.40
4.92
7.33
3.53
23.83
6.94
5.50
18.00
6.40
2.67
5.36
3.50
2.64
12.20
4.67
3.57
8.00
14.00
2.00
52.07
1.33
34.56
2.67
24.46
98.50
4.59
55.06
1.50
1.50
3.14
2.67
4.06
17.00
2.50
1.50
20.86
7.70
10.25
6.00
10.62
16.80
9.00
6.13
415.90
14.44
5.00
1.70
2.64
2.53
4.56
40.83
2256.27
21.50
28.75
7.27
70.18
5.62
4.89
6.71
4.25
6.00
15.29
3.08
4.67
17.88
5.40
7.54
6.21
7.92
2.29
2.25
4.13
2.00
1.50
12.40
24.13
4.73
4.00
3.00
9.24
1.50
7.75
3.50
16.88
1.33
1.67
2.00
3.87
10.00
25.50
2.33
18.67
10.42
3.08
2.00
11.45
1.00
5.86
3.00
2.71
10.43
1.50
36.36
10.20
2.11
1.67
4.17
4.17
11.91
3.64
2.88
17.50
8.70
28.00
2.75
2.00
19.00
13.33
1.67
1.50
1.50
5.29
2.79
3.38
9.00
7.56
13.69
10.22
4.17
3.00
6.50
2.00
1.33
7.00
9.74
5.40
5.88
8.89
6.55
4.60
12.86
10.27
15.46
4.12
6.67
4.67
4.92
6.55
5.89
4.23
180.86
6.67
5.45
3.45
2.82
1.69
8.86
10.50
1.62
14.00
63.50
1.62
5.60
29.42
1.79
9.14
5.08
4.20
1.94
6.38
3.92
15.33
7.00
13.42
3.95
3.60
6.06
4.57
2.50
22.84
3.93
2.00
19.69
1.00
1.50
6.00
1.50
12.31
20.75
37.18
409.86
1.86
3.62
2.00
9.06
2.27
1.83
3.29
1.67
2.75
6.33
45.06
6.06
2.86
41.00
2.77
2.25
17.20
1.50
6.36
9.71
2.20
1.80
2.00
9.69
2.62
2.00
4.64
-nan
1.67
6.47
2.62
10.00
2.33
4.22
36.40
1.60
2.10
1.93
3.62
6.27
13.10
1.50
17.18
14.20
68.17
1.75
6.17
11.86
3.00
13.41
19.67
2.00
5.50
13.31
12.86
48.62
1.75
1.71
6.12
1.88
3.25
43.91
63.62
4.79
6.00
7.00
3.44
1.50
6.85
1.86
4.00
17.43
139.00
3.40
11.00
28.29
2.67
22.00
6.33
3.00
1.87
2.78
10.11
2.00
1.50
2.10
10.20
1.50
3.12
2.00
4.00
5.86
60.00
7.12
5.80
8.56
12.00
1.50
31.44
1.50
14.00
22.50
7.13
7.61
0.00
7.86
22.73
3.43
2.00
58.00
26.67
2.00
26.00
2.00
2.25
2.00
2.57
2.75
10.21
17.00
2.00
0.00
9.33
3.25
7.50
2.33
1.00
7.00
2.00
21.62
7.75
2.00
11.85
2.78
2.00
3.50
5.14
2.00
5.50
6.70
3.33
2.75
3.86
4.75
9.00
12.73
5.82
16.50
3.89
8.00
1.67
14.67
2.22
17.14
3.29
3.75
5.29
4.10
2.67
4.00
5.76
7.33
3.80
5.43
2.44
6.05
9.91
8.67
5.80
9.61
5.38
3.75
7.80
29.67
4.20
2.25
6.55
3.89
2.75
16.92
2.62
6.86
9.00
2.00
4.71
4.91
8.43
7.00
15.55
4.08
3.17
5.62
13.53
10.71
16.25
26.50
26.29
17.56
223.29
8.86
2.33
3.29
3.27
14.38
18.75
5.62
3.80
4.75
3.56
19.20
21.33
22.40
6.56
11.50
19.40
7.00
3.67
9.38
32.67
6.67
10.60
5.80
5.00
3.90
6.64
41.50
8.00
27.75
2.75
6.44
2.00
15.83
9.00
6.50
3.44
4.00
3.00
3.36
14.10
9.60
2.22
4.36
8.75
5.07
1.75
2.00
33.64
9.76
2.50
5.08
2.57
15.67
3.43
3.00
8.48
10.38
4.38
7.12
2.50
2.25
1.83
2.29
16.25
11.60
9.88
8.17
2.50
3.60
16.25
89.50
2.43
5.45
2.15
2.50
6.38
28.00
9.55
24.14
23.64
6.57
9.17
2.50
5.00
10.20
2.70
3.60
8.36
3.00
4.00
2.00
5.56
2.83
65.75
28.62
7.89
2.00
4.50
5.40
10.89
2.60
6.75
2.09
2.60
31.67
10.60
9.08
3.08
3.88
16.11
2.33
3.00
2.64
2.00
13.88
13.86
6.09
28.17
11.08
4.06
44.08
98.45
30.80
3.78
20.50
9.88
2.44
3.72
4.78
2.00
21.80
4.14
2.86
2.33
8.33
2.60
5.73
1.80
7.08
6.33
4.00
3.89
3.90
4.50
4.83
24.30
2.20
2.33
4.50
4.17
2.83
21.56
3.62
5.00
4.09
5.33
6.73
15.69
6.14
8.50
4.67
9.75
4.40
11.33
4.00
6.50
10.53
3.50
22.50
2.50
4.00
7.43
19.50
6.17
10.80
2.12
16.06
13.80
10.45
4.57
2.67
5.38
8.00
11.92
31.60
2.00
3.00
35.77
8.00
13.13
8.00
16.25
77.00
7.64
17.75
4.72
2.69
3.86
14.00
2.33
6.17
8.90
9.44
13.67
9.08
2.00
2.00
15.00
6.33
5.60
6.08
9.29
4.00
3.25
12.18
6.70
5.50
11.17
6.30
11.09
3.33
19.25
3.79
4.00
40.14
14.00
15.56
3.20
3.00
4.25
2.17
13.67
5.57
2.08
13.37
9.17
11.09
16.00
2.43
13.11
10.30
2.33
3.14
3.60
4.65
2.73
17.80
16.10
3.88
5.93
8.25
3.00
2.43
5.35
2.00
3.00
2.92
11.62
15.78
1.00
5.85
30.55
4.75
2.38
3.38
5.00
1.88
1.80
2.00
6.25
2.00
13.00
10.67
5.94
4.79
2.50
2.88
8.25
5.40
2.62
3.00
4.57
11.71
3.67
4.89
2.83
5.06
20.20
13.80
9.62
4.83
2.20
2.17
21.30
5.89
2.87
7.38
3.00
4.56
4.25
9.75
94.43
4.92
27.22
17.25
5.62
10.90
2.43
4.65
9.82
9.00
3.31
2.82
3.50
3.53
7.13
6.29
2.80
10.67
3.20
4.67
2.80
7.33
7.25
8.73
2.25
8.17
4.00
2.62
2.00
2.50
4.60
4.12
2.00
3.29
36.38
7.71
5.67
2.50
2.12
2.92
2.40
1.80
3.25
2.50
3.08
2.73
3.67
3.00
282.09
54.75
6.94
1.75
11.67
4.30
17.44
12.33
16.40
10.28
4.88
4.19
8.00
10.31
2.84
3.83
3.10
5.20
2.11
2.86
11.00
2.53
4.33
19.64
2.62
2.60
9.78
10.17
12.55
54.57
2.70
18.75
21.18
13.59
9.23
2.25
32.00
10.29
5.80
2.57
2.00
22.88
2.11
6.00
6.39
5.25
25.12
2.00
7.94
4.00
3.56
1.71
2.40
6.33
10.48
2.25
6.06
34.91
68.08
5.35
4.73
3.73
2.50
2.71
2.00
7.00
2.25
2.25
2.57
2.23
7.73
6.30
2.69
4.18
2.12
2.33
10.08
2.25
2.11
11.44
13.45
5.95
2.27
2.17
2.33
3.64
5.38
12.12
9.06
5.00
2.83
10.68
9.89
2.00
1.75
82.10
4.57
2.00
2.50
2.40
17.78
64.00
2.50
2.40
3.84
8.50
9.31
5.38
9.00
7.25
2.00
4.75
4.67
1.67
10.50
13.00
4.00
34.40
2.00
5.44
4.40
5.20
6.40
2.00
4.33
15.20
1.67
2.33
2.47
2.33
10.00
4.40
4.29
10.56
10.14
3.30
5.31
5.20
7.00
13.67
3.33
6.23
1.86
2.50
10.12
7.10
4.85
8.44
6.64
4.00
2.00
7.75
3.42
17.90
5.07
18.67
9.88
111.79
3.00
2.20
8.11
6.31
2.00
3.88
2.33
2.67
9.60
3.71
6.94
3.71
13.67
6.23
2.12
37.18
29.78
2.95
4.73
186.91
5.60
3.44
2.50
3.45
3.38
5.90
2.00
3.27
11.10
5.89
12.56
10.00
13.17
5.20
2.00
18.87
3.89
8.62
6.62
3.64
2.11
14.12
2.67
6.44
502.00
10.83
5.29
11.20
4.09
3.00
3.40
4.22
6.69
2.40
4.70
2.11
9.90
4.14
8.90
10.93
38.44
2.58
2.30
2.90
9.15
8.89
10.70
4.33
2.60
2.33
3.91
14.67
6.67
2.27
2.20
2.00
3.40
2.12
19.90
13.00
2.00
9.38
2.53
4.17
11.29
5.50
4.40
6.00
4.41
3.92
9.74
1.50
4.11
13.83
8.75
3.90
2.33
4.52
9.50
9.00
19.27
16.14
2.50
2.18
29.08
8.18
3.77
195.40
2.50
8.23
4.88
3.30
7.33
2.10
6.20
8.92
32.80
7.00
5.23
14.71
2.80
4.31
2.00
2.25
2.00
11.06
7.82
2.33
6.75
7.14
2.56
5.50
3.69
7.85
2.20
1.75
6.44
8.61
27.75
379.33
3.89
5.91
4.27
7.00
2.87
10.67
10.18
2.33
7.20
19.25
10.45
4.18
4.56
3.10
1.86
3.56
5.58
2.57
51.71
1.71
3.30
2.12
5.21
1.86
2.33
8.92
16.00
6.62
9.43
2.40
2.33
2.00
2.50
3.94
4.25
4.67
10.00
6.00
2.25
5.42
5.60
3.36
3.73
2.38
2.22
1.67
2.19
3.39
3.23
3.57
9.42
16.80
6.94
14.20
6.27
15.55
4.40
7.08
5.41
28.09
30.15
11.38
10.00
30.58
9.89
20.18
4.92
4.93
3.33
4.00
15.78
6.92
13.22
3.62
12.00
10.77
2.44
1.40
3.07
3.67
4.40
26.57
307.45
6.92
2.29
16.50
25.50
5.38
1.00
4.94
8.33
3.00
3.60
12.00
14.82
2.60
2.67
2.50
89.63
138.11
15.50
13.00
6.20
20.86
3.58
2.50
3.80
12.70
1.80
33.50
2.07
7.90
10.77
2.90
2.00
3.64
5.00
2.00
3.25
2.00
4.00
4.71
12.00
2.78
2.00
2.33
3.94
8.60
2.17
5.25
2.30
21.88
4.80
2.10
2.40
13.25
13.60
9.22
1.60
4.38
4.00
45.00
2.38
7.50
4.15
21.33
5.31
1.50
3.64
11.20
22.56
2.22
8.40
1.75
6.58
6.88
3.33
6.45
11.31
11.90
10.44
2.20
18.78
3.12
6.67
5.71
35.50
15.50
3.00
2.21
7.19
6.00
12.47
10.58
8.11
6.33
4.06
23.06
12.29
18.67
7.50
39.67
7.00
145.22
4.00
10.71
15.00
7.67
4.58
16.25
2.50
2.00
5.00
6.33
27.00
16.00
8.25
4.14
39.20
-nan
2.83
35.80
5.58
12.67
9.40
7.90
7.20
14.00
3.00
137.53
13.86
3.40
13.57
25.35
4.62
10.67
2.25
9.69
10.12
26.80
4.94
7.58
5.50
3.87
7.00
11.25
8.08
4.10
5.75
1.80
6.56
7.50
11.50
38.25
205.50
1.71
7.40
6.11
10.21
4.00
9.80
5.45
32.54
7.60
6.33
1.71
5.43
3.46
305.45
8.60
4.25
9.50
7.62
27.10
30.93
2.67
5.67
10.25
2.50
29.00
6.75
4.12
10.00
56.75
2.54
4.85
3.91
17.21
5.62
7.24
5.19
9.25
18.55
8.30
3.47
4.50
12.25
2.07
1.93
11.71
131.80
2.33
2.50
6.38
2.40
3.55
6.89
4.00
5.71
2.67
11.86
7.50
7.11
10.67
7.56
10.07
2.75
3.20
3.86
17.00
2.50
5.75
3.00
5.07
4.00
2.17
4.25
8.36
9.17
6.14
4.41
24.73
3.43
3.80
7.45
2.00
8.73
2.20
2.43
3.83
3.12
3.27
3.50
5.06
1.50
6.80
2.95
6.21
10.53
7.00
8.22
2.50
6.65
12.20
4.08
11.33
6.75
6.00
5.00
3.33
2.50
8.71
4.27
2.45
1.88
8.70
5.62
11.83
3.53
2.29
2.70
18.75
4.27
3.86
5.75
13.56
11.17
206.53
29.92
11.55
34.33
2.36
1.86
9.50
3.33
13.60
8.58
2.10
3.00
3.22
2.25
2.14
3.00
2.15
7.53
3.93
2.00
3.92
4.55
3.12
17.93
12.00
29.08
6.14
2.50
2.60
20.38
70.62
42.14
12.27
2.20
2.86
10.75
12.29
5.57
8.25
4.00
17.17
2.40
8.07
2.22
5.43
5.00
4.80
1.67
2.33
6.28
2.57
9.78
10.36
2.50
2.33
11.31
5.36
2.00
3.27
10.11
8.67
14.33
3.78
5.86
2.60
2.40
3.67
4.89
14.29
13.33
12.18
3.70
4.80
8.83
16.05
8.68
21.71
5.71
7.62
8.82
23.15
6.08
22.00
6.31
3.42
2.17
3.90
17.25
11.67
2.29
19.53
6.57
9.55
3.18
3.62
3.36
8.59
4.15
8.31
15.29
5.17
17.21
13.93
6.80
3.44
5.54
2.17
2.50
52.60
13.61
4.11
11.91
6.33
3.00
10.18
3.82
67.84
18.50
3.50
16.07
6.00
2.43
2.23
42.48
2.20
6.78
19.37
12.67
17.40
7.11
17.75
3.43
4.86
4.25
17.57
14.09
2.00
1.91
3.31
2.91
2.55
21.45
4.00
6.62
4.07
13.71
8.56
2.60
4.22
5.00
2.33
2.29
8.56
12.57
7.50
2.27
7.86
8.27
5.24
8.62
5.00
3.00
2.93
2.14
2.25
9.89
6.74
2.40
2.14
9.44
8.09
3.50
69.00
23.00
2.56
2.36
16.25
6.10
3.40
2.00
9.71
2.33
3.50
30.62
5.25
4.00
20.55
2.00
3.40
2.45
6.62
4.50
13.00
2.89
2.20
11.69
7.17
2.50
99.80
11.00
1.50
4.11
7.44
3.89
4.47
12.62
3.08
4.71
19.71
7.50
3.92
7.38
2.00
2.22
2.09
8.85
9.53
4.57
3.00
7.29
2.29
14.25
4.07
4.24
3.38
24.48
9.50
15.95
8.15
9.38
2.50
11.50
3.36
5.42
6.43
8.17
3.12
34.35
6.86
5.40
2.20
8.78
2.69
12.67
11.45
2.50
2.56
2.55
4.67
7.80
17.07
2.50
19.50
5.00
15.12
1.00
28.08
2.33
4.10
8.00
4.93
3.91
8.86
8.72
2.00
31.27
4.78
3.56
4.11
4.40
2.67
10.88
8.36
9.86
8.23
6.44
142.24
4.88
2.75
18.22
9.58
8.27
2.14
2.00
3.33
7.81
4.92
7.90
2.30
3.25
2.50
6.71
6.71
12.00
3.50
2.94
6.00
2.00
2.50
9.75
2.40
4.75
3.50
8.80
11.31
32.25
30.20
2.87
12.50
30.28
20.88
23.56
12.80
7.67
5.40
11.17
2.00
5.50
5.71
3.00
42.25
2.40
2.14
4.57
2.69
2.20
1.88
5.38
4.35
2.38
2.33
13.40
3.93
2.56
58.20
66.06
35.44
2.33
2.67
7.12
4.29
5.64
7.36
5.17
3.00
33.83
2.67
3.00
2.38
5.00
6.09
5.20
6.23
2.50
10.21
2.50
4.64
4.00
10.43
2.64
9.00
14.18
11.65
4.45
2.50
3.50
3.73
2.22
24.73
37.07
3.00
4.25
15.56
2.00
8.00
2.29
14.50
5.29
13.06
8.67
9.40
2.25
9.87
18.89
2.00
2.36
9.42
3.80
19.73
16.00
2.71
3.00
9.00
3.62
4.33
16.00
10.42
8.11
8.33
3.80
3.00
4.09
2.57
19.56
26.40
2.25
5.00
8.75
3.39
5.50
3.64
9.70
11.80
2.67
6.08
2.43
2.42
2.00
1.75
9.58
6.18
2.29
1.88
44.73
2.78
2.22
4.00
2.29
7.86
7.11
2.57
8.00
25.57
5.43
5.67
3.25
3.11
4.44
3.84
136.83
5.00
3.50
6.33
9.37
15.92
5.33
18.11
2.00
2.33
8.60
2.33
2.75
3.00
10.60
11.75
2.21
2.00
2.40
5.00
10.27
5.31
3.80
3.44
46.50
4.38
10.30
8.84
46.17
2.89
1.50
8.60
2.50
2.00
2.33
11.95
9.91
2.00
6.86
7.64
20.24
13.30
5.20
3.00
2.00
31.40
5.00
18.67
3.67
10.86
6.33
8.00
2.12
2.60
12.25
13.53
4.60
20.20
4.33
10.44
3.79
4.33
2.00
6.08
277.54
9.27
7.94
2.14
51.11
70.80
6.11
3.64
4.09
2.73
3.90
12.13
6.40
12.05
10.38
37.80
15.00
7.29
11.82
7.82
11.79
8.18
80.33
3.93
5.92
4.90
33.00
13.25
7.54
4.92
6.40
5.17
8.94
5.70
4.67
11.25
5.13
8.20
7.20
250.41
185.73
6.17
9.00
5.56
6.27
11.15
7.09
16.53
11.40
14.00
15.79
17.60
4.80
4.85
6.08
4.86
5.43
5.43
22.20
15.12
6.38
26.86
13.29
32.86
5.00
5.33
4.62
6.91
9.08
6.83
9.62
26.00
62.85
8.43
8.71
11.54
6.67
62.80
6.56
5.33
4.22
8.06
5.25
9.00
13.06
7.00
5.57
5.29
13.75
4.05
4.90
5.33
4.75
33.50
10.67
9.25
35.22
7.50
7.55
5.50
13.00
7.88
9.42
5.18
6.92
21.85
5.56
5.88
12.86
51.27
5.56
19.00
6.86
4.21
19.73
9.71
6.15
5.70
7.12
5.36
21.54
7.42
12.00
20.11
20.75
8.40
9.20
14.40
22.32
86.60
6.86
4.92
4.67
22.00
5.40
15.33
7.12
6.56
5.43
5.09
7.00
3.71
10.25
5.50
7.14
41.42
5.56
4.08
13.91
3.25
8.85
4.54
11.29
24.50
10.50
3.82
7.25
15.69
8.25
9.50
4.83
5.67
8.25
7.42
7.83
5.29
4.70
7.40
9.24
9.10
11.50
4.56
173.14
16.43
5.67
17.14
5.27
7.50
4.86
14.71
6.17
43.17
17.33
8.33
10.20
9.54
5.83
10.39
6.25
15.36
7.25
3.80
6.57
7.80
8.00
6.00
9.75
7.27
13.70
11.50
27.62
5.50
5.57
39.62
15.57
2.96
10.00
6.88
17.27
7.75
50.89
5.62
5.67
28.57
23.65
11.06
8.06
5.00
3.57
23.06
5.92
5.83
12.38
3.67
7.71
7.56
6.83
5.27
13.75
22.28
14.79
7.50
5.00
7.25
5.00
13.00
27.57
14.14
7.57
5.44
13.92
3.42
12.00
4.06
5.00
32.05
5.00
27.10
10.53
15.50
5.31
8.18
4.89
4.09
4.62
4.53
4.88
8.29
32.83
4.10
5.35
3.88
6.83
7.32
20.42
4.91
3.67
8.00
3.60
3.25
4.00
12.67
7.70
2.14
5.30
7.27
2.00
6.14
1.86
6.50
3.59
8.38
2.57
2.25
2.50
16.00
10.36
4.08
2.60
4.06
7.41
5.36
2.12
1.67
21.94
8.00
11.11
11.71
33.50
54.00
2.50
6.55
14.12
4.00
4.43
11.00
9.50
13.60
7.00
2.93
4.64
24.60
2.29
6.78
26.11
7.67
2.09
27.90
2.70
9.74
3.11
11.72
6.61
5.00
3.00
9.00
3.82
8.05
4.00
2.50
30.60
2.00
3.88
16.23
3.00
7.57
11.44
2.70
7.00
15.00
4.45
8.11
7.29
6.00
7.67
12.07
7.54
6.82
4.87
18.60
7.71
18.33
2.93
4.00
6.80
67.23
6.41
4.40
7.37
2.27
3.94
5.24
6.43
21.38
22.29
4.67
7.22
7.50
100.14
1.50
3.88
4.80
2.62
4.00
44.25
2.67
2.41
2.50
3.91
2.88
10.15
4.21
4.27
10.56
25.20
15.75
22.25
3.13
6.18
3.27
6.43
5.23
3.58
2.12
5.30
2.65
9.67
2.17
101.75
5.80
9.50
14.77
18.82
57.13
3.00
3.00
2.25
8.00
5.57
4.00
10.10
4.08
5.00
6.85
2.64
3.00
3.00
5.91
70.92
2.29
9.38
18.36
41.00
2.57
8.40
3.50
3.43
4.24
9.17
2.33
9.00
2.60
3.30
9.20
2.00
1.67
9.67
2.15
8.35
2.67
5.80
7.93
14.15
3.23
3.22
2.50
5.08
2.67
20.89
3.40
2.25
2.33
4.88
4.00
3.16
3.00
2.40
3.50
4.00
15.17
7.30
11.71
8.85
6.83
1.75
8.16
6.50
4.00
2.00
5.27
2.33
4.75
23.87
6.00
3.12
11.85
9.00
22.91
26.86
4.67
3.31
4.11
5.24
15.40
15.50
6.33
11.00
9.71
3.50
9.89
14.92
6.71
60.33
8.40
7.20
5.71
5.00
6.33
70.13
8.50
5.54
11.00
9.48
4.33
5.79
13.93
4.82
13.56
7.83
1.67
5.04
1.75
13.00
4.78
3.67
2.08
4.17
2.29
2.00
6.17
6.19
7.46
9.36
4.88
3.25
10.14
4.21
43.08
2.29
22.56
6.30
7.77
5.04
4.17
32.29
77.41
3.17
6.30
2.29
6.80
7.29
17.08
24.00
8.29
2.11
22.78
3.83
26.44
18.50
2.36
26.91
1.83
2.56
10.67
12.18
4.40
15.12
6.94
2.33
2.31
2.45
3.45
15.00
4.52
10.12
3.12
10.75
6.33
5.00
3.00
57.94
3.00
1.86
5.19
7.67
11.56
51.79
12.00
5.90
4.00
2.14
2.50
13.85
2.67
2.86
2.00
6.92
9.00
95.29
6.33
4.43
16.17
7.11
2.33
2.50
2.00
6.10
2.25
4.71
4.00
10.33
3.80
185.91
11.00
3.38
3.22
1.80
14.33
22.30
9.50
6.36
3.36
16.00
30.23
1.83
81.20
2.14
3.75
2.09
40.00
2.94
3.00
4.20
2.25
113.25
11.75
9.44
44.00
30.75
6.00
14.71
30.70
3.80
6.83
3.00
6.25
3.25
1.75
2.67
20.33
14.00
4.40
4.57
12.83
2.00
5.20
25.92
5.40
10.00
2.33
7.50
7.33
2.00
1.86
4.54
43.57
3.00
2.40
9.89
2.25
4.43
4.62
2.50
2.00
2.20
8.92
2.50
6.17
2.38
112.80
2.00
3.57
2.25
2.00
2.45
23.94
2.60
4.82
5.50
7.75
3.20
2.50
2.71
6.86
4.75
42.20
2.67
2.70
3.20
20.54
13.00
9.00
13.50
5.00
7.82
6.10
6.50
5.85
17.29
20.83
5.25
7.50
15.50
6.78
2.00
13.50
3.86
5.29
2.33
4.14
4.00
5.58
10.71
4.50
2.80
14.86
3.67
8.00
3.85
2.42
8.00
8.82
3.00
6.18
3.53
6.62
8.89
5.67
15.33
88.25
4.59
9.10
13.14
6.73
10.55
14.78
5.58
10.53
2.50
32.10
8.00
7.00
4.50
3.60
5.53
5.40
10.80
27.14
6.94
9.50
16.75
9.86
3.95
3.44
2.50
3.25
5.00
6.14
4.36
5.53
3.22
22.67
6.17
3.78
3.44
16.00
4.80
5.50
16.50
9.71
3.43
6.00
5.75
3.00
3.50
8.80
8.45
40.44
3.20
3.40
5.00
5.88
3.00
4.00
2.75
8.67
6.00
3.62
3.38
2.67
20.71
6.75
5.82
2.67
3.22
156.71
25.50
7.00
3.27
16.29
2.50
2.25
8.22
3.56
3.80
22.50
13.94
10.07
10.08
2.92
3.89
2.00
2.67
4.25
7.33
5.38
5.33
2.57
14.36
5.11
2.90
26.95
30.44
5.88
4.33
9.19
2.12
2.50
6.00
2.50
5.33
6.33
5.67
2.33
45.83
4.60
12.00
4.91
3.79
5.00
3.27
18.45
2.33
7.89
2.40
3.33
63.67
12.27
5.33
3.25
8.00
14.50
8.67
3.90
14.71
2.25
22.92
20.44
2.50
86.40
4.60
5.46
5.20
6.50
11.90
3.00
7.00
11.29
2.20
6.67
2.12
2.33
5.71
4.55
2.70
2.23
9.20
3.33
69.00
6.08
3.00
5.80
2.80
2.58
14.08
3.93
2.33
331.64
2.67
6.67
15.76
7.43
8.62
2.57
2.80
3.21
3.82
7.33
2.00
8.18
64.89
2.50
3.40
3.00
3.00
43.67
39.71
2.00
2.00
2.14
9.00
5.60
2.33
5.58
2.50
8.11
3.40
2.33
2.94
3.38
6.79
2.29
2.25
3.22
2.25
3.46
18.70
8.50
6.67
5.65
13.29
9.88
3.92
3.43
3.50
3.33
4.64
5.27
7.50
12.18
6.76
13.62
7.50
15.06
2.33
3.50
11.83
4.50
27.57
4.36
2.55
8.22
3.00
11.94
28.00
10.60
9.94
2.71
6.86
2.57
2.60
10.79
3.07
2.62
2.50
2.60
3.76
16.69
6.20
5.89
2.56
13.11
22.00
2.29
96.14
3.64
39.71
12.29
3.22
24.10
5.77
3.86
5.80
7.78
3.11
8.33
2.64
16.50
32.83
24.33
2.90
2.40
3.00
2.83
6.53
4.00
6.14
3.09
4.20
46.88
4.22
12.73
6.88
8.08
12.91
3.60
14.29
8.86
9.80
2.62
12.90
13.25
1.50
2.36
4.40
5.71
2.50
2.23
2.45
4.80
3.50
2.33
12.00
2.75
4.75
2.67
4.00
40.88
16.62
3.00
13.86
3.00
2.67
2.83
102.40
9.33
10.79
3.50
7.88
7.00
2.75
15.25
2.00
16.00
9.00
5.00
12.50
11.00
3.86
10.24
5.09
2.75
3.50
4.14
4.15
7.95
5.69
9.08
3.20
2.57
13.00
3.79
8.71
2.33
11.30
7.15
15.33
8.73
7.30
6.44
13.94
2.40
9.06
18.50
2.80
9.80
3.00
6.00
2.93
2.25
8.25
7.20
13.33
16.73
9.57
10.38
11.36
2.90
6.25
2.71
2.67
3.00
2.86
9.00
16.00
14.91
21.00
5.69
4.00
62.67
4.00
29.85
6.44
4.75
14.75
8.33
22.67
3.50
3.15
6.58
18.92
19.50
2.73
2.86
3.42
13.36
36.40
11.43
55.44
3.00
24.13
10.45
8.80
2.00
3.00
2.80
2.36
2.14
5.70
2.44
13.75
8.80
2.33
6.33
2.00
3.25
2.41
5.92
2.33
15.50
3.29
16.92
5.25
4.20
4.80
8.75
2.75
3.50
2.00
5.07
3.20
8.12
5.07
2.33
24.00
3.56
9.00
2.40
2.50
19.56
2.00
15.40
2.90
13.75
7.95
3.67
61.73
2.83
37.17
8.50
2.88
3.00
15.86
7.73
14.67
10.00
6.75
10.00
8.00
7.50
25.20
17.29
82.89
7.54
18.52
6.94
10.74
5.33
4.50
7.00
3.12
16.62
3.50
3.44
5.50
5.00
7.33
4.12
7.62
12.70
7.00
3.21
15.46
25.35
4.39
6.17
5.92
9.50
19.67
47.61
3.91
4.85
4.50
9.91
3.00
4.43
2.67
3.00
3.00
2.78
3.30
37.12
3.70
11.70
10.38
7.40
3.69
13.71
3.09
9.90
6.88
6.55
14.88
8.50
2.30
4.33
4.88
2.56
3.00
2.50
6.60
9.12
2.67
7.54
16.83
3.00
7.06
5.67
2.91
5.00
16.38
3.09
2.73
2.33
2.83
4.14
2.40
5.33
9.42
4.00
2.71
2.86
4.10
10.20
3.50
4.00
3.00
101.00
9.75
2.50
24.76
6.08
2.50
20.86
2.50
5.27
8.62
18.14
17.71
3.13
4.00
3.00
8.14
10.00
19.14
2.91
3.40
10.75
2.00
18.62
11.67
3.00
2.77
20.89
4.17
15.50
13.55
2.50
13.31
2.80
2.43
2.17
6.30
11.29
4.00
2.33
2.33
8.60
7.22
3.33
5.70
9.41
8.14
2.91
26.26
8.00
11.12
23.40
2.55
15.38
5.83
13.00
3.00
5.92
9.33
2.25
19.25
7.56
9.82
5.00
6.33
4.00
4.20
3.59
9.42
3.56
21.71
8.56
4.38
2.62
9.58
2.00
8.20
12.35
9.46
5.56
7.86
6.79
3.45
19.75
4.38
7.00
2.27
8.78
10.56
4.00
9.80
61.56
2.64
135.00
3.00
8.77
3.20
2.60
23.00
6.78
8.75
32.76
14.79
6.73
11.07
34.80
5.81
17.12
4.25
17.07
7.25
11.12
6.71
3.12
5.90
4.13
15.07
5.70
5.57
3.95
5.25
6.10
3.00
4.62
5.12
3.07
27.00
3.50
6.22
6.43
9.50
3.00
3.33
2.56
3.56
2.36
11.71
16.05
10.62
3.13
12.92
1.67
19.58
4.50
2.33
4.33
2.38
4.25
13.17
2.33
13.09
52.33
5.86
4.81
17.70
2.50
5.40
7.53
2.00
3.83
19.43
2.22
2.00
18.60
8.33
8.00
9.22
9.94
12.00
5.00
19.25
8.60
3.17
6.25
1.75
11.00
5.50
4.00
7.42
12.09
27.12
6.88
8.86
9.50
10.29
3.30
6.00
18.57
7.08
2.00
2.00
15.73
4.83
6.55
3.90
4.10
6.89
3.56
13.56
21.75
10.40
4.17
14.54
4.00
5.11
8.20
5.00
4.58
4.00
13.17
2.83
21.26
9.00
6.25
3.83
11.91
6.57
14.86
2.60
7.62
13.73
2.33
4.36
2.60
15.73
7.87
10.75
7.46
10.56
2.33
3.33
4.00
18.23
2.67
5.00
7.64
18.94
50.14
3.17
2.00
2.17
2.33
2.50
3.25
27.58
3.40
2.67
2.33
3.50
20.40
7.14
34.41
3.70
9.00
22.00
3.10
2.75
3.20
8.69
6.50
2.00
26.25
5.25
9.50
3.50
4.85
2.00
3.00
27.36
7.33
12.25
2.67
6.36
20.45
12.08
6.58
3.67
9.77
2.83
3.00
10.45
1.71
2.76
8.30
4.64
4.25
7.62
7.73
12.67
4.47
2.78
38.36
4.00
36.82
38.67
13.27
27.20
8.12
8.69
15.07
2.78
13.00
24.83
17.83
10.14
69.82
3.00
30.71
4.15
3.33
5.67
3.00
2.23
2.17
2.25
16.00
93.23
20.20
4.25
31.25
28.00
10.00
32.67
14.75
14.71
15.63
6.00
5.62
5.11
7.47
8.86
7.05
8.12
6.06
11.40
7.57
15.38
5.24
31.33
15.80
16.75
4.29
11.18
5.96
4.80
16.71
19.08
15.00
8.90
13.60
7.95
12.05
5.22
14.00
6.92
25.91
6.39
5.16
6.80
4.88
8.96
9.20
13.60
12.57
17.14
14.33
5.26
7.18
6.62
26.70
10.60
7.29
10.93
7.29
13.17
6.31
7.96
9.33
5.50
23.80
7.14
6.00
8.79
8.80
7.50
8.91
38.12
6.33
7.35
8.00
38.70
16.83
4.69
16.20
4.89
8.44
120.22
4.93
7.42
91.78
4.62
4.89
8.92
9.42
8.00
4.45
23.00
742.56
9.23
19.75
15.71
4.35
107.50
13.75
14.50
7.00
6.90
4.90
3.67
4.50
15.88
7.25
5.57
36.00
7.12
8.93
7.93
13.86
18.44
5.31
18.57
14.11
8.30
3.54
4.31
5.10
11.70
5.33
19.36
14.38
25.09
3.87
7.93
4.86
13.92
4.31
13.67
14.62
8.06
5.36
4.29
9.25
4.94
5.40
8.56
15.20
11.84
185.07
2.00
21.43
1.40
7.24
5.18
6.69
6.88
10.29
1.83
2.83
2.00
16.44
12.73
13.38
2.75
3.12
5.20
5.43
4.17
17.40
2.20
6.17
2.57
5.12
4.50
5.50
12.50
4.00
2.57
4.14
11.33
6.18
4.67
5.10
7.57
21.50
10.75
5.00
6.38
2.33
26.75
4.67
7.42
6.29
7.50
17.20
8.08
2.50
9.57
6.07
15.00
8.86
5.33
18.55
13.21
3.80
2.00
8.53
5.50
5.71
4.15
5.91
4.11
4.36
97.60
9.72
5.33
3.14
10.78
15.61
3.09
5.56
6.30
8.09
6.00
54.29
2.93
4.22
18.33
2.25
2.00
2.71
7.00
2.78
4.00
5.18
5.33
3.79
4.14
2.40
3.44
6.54
7.18
2.17
7.75
7.00
7.60
17.00
5.94
4.42
11.10
121.78
6.81
10.67
11.21
8.25
12.86
4.13
5.71
2.70
8.65
41.44
12.89
4.12
5.83
3.14
5.43
2.33
9.56
5.14
14.55
3.00
3.41
13.09
17.40
48.43
7.07
3.06
23.24
2.79
2.18
4.53
16.80
7.89
3.25
3.70
3.38
5.50
2.00
7.25
2.00
3.17
17.42
8.00
12.76
4.70
1.33
11.40
5.16
2.86
12.00
2.00
12.71
3.73
16.75
2.40
14.56
10.46
7.50
29.27
9.62
2.33
10.33
15.21
24.71
8.00
3.50
4.00
5.00
4.40
2.67
2.83
32.40
7.50
2.50
2.50
45.00
7.93
9.33
14.83
2.27
2.25
42.32
